.Random.seed <-
c(403L, 138L, -288921738L, -415646165L, 1632107551L, -1105794933L, 
-1235874704L, -845904320L, -203630223L, 279351843L, -226102L, 
-1398480268L, 1152606415L, -992418382L, -603107895L, -942449267L, 
-1569955970L, -831738424L, -1512914827L, -570861240L, -935495306L, 
773332833L, -1175782788L, 1010770950L, -1744557107L, -386332908L, 
-1572805862L, 791707749L, -1937128359L, -117034870L, -2067074144L, 
-114699700L, 688363099L, 545154342L, 58243013L, -852568244L, 
1964327897L, -1073382348L, 733244553L, 1111410627L, 1916185154L, 
-1491977704L, 509832418L, 1472517540L, -661605374L, 1963575285L, 
-848057921L, -1408452394L, 884487647L, -714437373L, 609475460L, 
925984289L, 1942810660L, -1250045266L, 1419749147L, -1653469332L, 
-1224083137L, -63273929L, -993492389L, 533684327L, 225912953L, 
-1026127392L, -1472929441L, -2131964844L, 308180005L, -477705877L, 
856282324L, 467160985L, 1109116537L, 655272249L, -517507382L, 
1626166900L, -741164677L, 1298480653L, 487434216L, 1508593162L, 
-1288160579L, 1232461811L, 1180540569L, -1918832059L, -486994001L, 
-1030931957L, -448085124L, -41178004L, -1020911459L, -596969464L, 
-1384260458L, -1263206577L, 197211070L, -288792704L, -106909159L, 
634363157L, 660844947L, -1608061051L, -1032370647L, 1504311097L, 
673858504L, -1069772230L, -843660033L, 192262655L, 362383384L, 
816919104L, 1694961051L, 10740691L, -52517785L, -199608580L, 
-776326380L, 1545232440L, -1799610646L, 823953887L, 2046568084L, 
1963578705L, 1795235058L, -1197347333L, -1743462938L, 1548217830L, 
-2000671356L, 894484944L, -261298520L, -1315002213L, -937368474L, 
-25205606L, 242912737L, 743823615L, -1199906124L, 1596231705L, 
-1589736104L, -1996223105L, -1876995436L, -1937763017L, -1176313707L, 
-1600026666L, -1198814234L, -1505784297L, -1776424576L, 2145077613L, 
-679917556L, -1547398859L, -726315985L, 708349801L, 31730304L, 
-180260259L, 525974197L, -523810537L, 1660171682L, 484146527L, 
-1434782933L, -2027114484L, 1571391854L, 798982041L, -979400598L, 
1341930627L, -1859015385L, -725062199L, 1458218587L, -1420322101L, 
-252485539L, 693789671L, -866250957L, -2108490051L, -519565880L, 
-207862509L, 957707301L, -1275888898L, -728066559L, 1935988007L, 
1669634643L, -2079142139L, -2014540377L, 1563638728L, -57392530L, 
-1615000351L, -1417084054L, 537495788L, -1733879562L, -1156402257L, 
-1124934615L, -447348863L, 1195515952L, -1528842867L, -1379166757L, 
485615411L, -501631959L, 136011516L, -385298381L, 165112394L, 
199508778L, 85547382L, -879142972L, 1934698984L, -796000930L, 
356507394L, 2064788030L, 100491375L, 1550299240L, -1318746142L, 
1019251972L, -495179900L, 523183062L, 536196639L, -1597615974L, 
188670911L, 1652359807L, -786419106L, -2139719426L, -1990599653L, 
651863551L, -1401921011L, 986562945L, 1379888719L, -1258014029L, 
868928185L, 1410158616L, -1382924672L, -774591039L, 861200323L, 
-1161126220L, -1860427045L, 286523723L, -274637305L, -629914445L, 
-1761745788L, 465993499L, 1946099645L, -1345569907L, 469294782L, 
-1709694382L, -1986573983L, -405838371L, -1093671127L, -1874672406L, 
-1956263422L, -482490558L, -1942496850L, -1738028501L, 632633299L, 
-1078914666L, -1517198834L, -1673943849L, -650731865L, -665185053L, 
-1569202394L, -964379537L, 1188777670L, 2066938039L, 11245171L, 
-1326246919L, 1955025914L, 134823311L, -1361374715L, -1163160334L, 
277015568L, -1691301390L, -23721947L, 1750727861L, 2053774558L, 
2098694837L, 100049132L, 1214301952L, -1027117103L, 1596049433L, 
1160142084L, -266606448L, 1978223539L, 1638218183L, 1356068715L, 
1023656910L, -1268297301L, -150574024L, -899260449L, 896392420L, 
-2138156599L, -1309206764L, -1338808720L, -527269153L, 1556769092L, 
1623711507L, -1343581293L, 817902502L, -5250951L, 859618285L, 
1463129914L, -461526035L, -533166012L, 748149749L, 961190821L, 
-518271644L, -668292174L, -385362089L, 124540731L, 918920212L, 
1541035868L, 2050692272L, -872334462L, 1563444930L, 307590891L, 
-249880656L, -708859527L, 1656070396L, -883299280L, -1700864510L, 
173213464L, 1836284316L, -638426732L, 87851549L, 1061976029L, 
1257039766L, 525997253L, -864476530L, 1911506634L, 1230956460L, 
785534125L, 1549452203L, 668843858L, 398773775L, -706977218L, 
-1265125601L, 1691073988L, 973014532L, -1095033949L, -629063801L, 
-1267596818L, 1688767360L, -544353853L, 1600558598L, 1862519462L, 
1783006214L, 802291369L, -1996491992L, -163651434L, 1649698444L, 
-1741452739L, 1974970947L, 1167465837L, -262320407L, 1426711744L, 
2027414100L, -184836254L, 199775442L, -152776994L, 1590746237L, 
-4500187L, -1840742248L, 1157429320L, -771241982L, 141370459L, 
-1597432640L, 896441215L, -1226578157L, -1537551073L, 735556041L, 
1986887424L, 1104718572L, -1646351022L, -116486923L, 1792520929L, 
1739837266L, 623504813L, -1882553516L, 2082061126L, 1345212253L, 
32542372L, 51256487L, 1758230332L, 615151955L, 1029590014L, -1879887270L, 
-750877656L, -186038116L, -653369554L, -611018875L, 303898385L, 
-560081695L, 1995809392L, 839272655L, -137045960L, 1028110463L, 
1920943470L, -83220571L, 1429987333L, -337019328L, 983326019L, 
-1179308033L, -1614275953L, -742401929L, 41210732L, 941136769L, 
1439267063L, 71271558L, -1609974214L, 1636757877L, -317666519L, 
-282096952L, -995365802L, -1913908559L, 1199837692L, -1063806721L, 
-1054231590L, -1667238043L, 1336606305L, -531094270L, 1750057195L, 
342111815L, 1755890117L, -51186265L, -763034712L, -435820251L, 
562637193L, 273391187L, -1509073168L, 1258396364L, -1676479691L, 
360182869L, 1071059879L, -1390443817L, 2097809783L, -1406666134L, 
-538207569L, -809823922L, -303440755L, -1115180582L, -1504377754L, 
300457672L, 1509339931L, -2118596598L, 58688863L, -1968803627L, 
943535308L, 1219530182L, 712770199L, 263420693L, 179763527L, 
-882576258L, 143372331L, 292152397L, -978752930L, 1033768650L, 
-1963598240L, 1224008001L, 953487944L, -459880473L, 984289036L, 
945357624L, -1191684655L, 1214265638L, -1136144992L, 1824594335L, 
-718646414L, 1895598417L, 1196117450L, 1054957644L, 1796682716L, 
-502457561L, 1007588393L, -108232550L, -65946474L, -1141885754L, 
-823027498L, 1227437663L, -561964240L, 129299140L, -1513303339L, 
342131176L, -1379365215L, 1333866804L, -120044805L, -1104278990L, 
1704702373L, 225547781L, 2071774087L, 916957134L, 897348828L, 
2132733727L, -876777688L, 876930946L, -1267151733L, -1458111566L, 
-952680500L, -291929890L, -1729757806L, 1518439354L, -1602029430L, 
-830762842L, 746397718L, 107235346L, -385898128L, -1345504275L, 
106660357L, -166226788L, 1470040030L, -337478354L, -1503524998L, 
-1664802424L, 1557848691L, 342887904L, 335327726L, -223368342L, 
-1071113011L, 1086052275L, -309252313L, -439175242L, 1679895138L, 
-2084455367L, 590521747L, -162773438L, 1267948953L, -1537488498L, 
-1917589977L, -1182272308L, 590313620L, 667924407L, 318512467L, 
-202573311L, 1192807125L, 1736782445L, 1423734202L, -717743119L, 
-1610450045L, 1828784520L, -66140603L, 1519417564L, -2044804390L, 
-175695465L, -1632228578L, 1568172024L, 744525528L, 1538823910L, 
948035054L, -1270995909L, 1763231661L, -1539123611L, -462081379L, 
1957022671L, -64517921L, -481697045L, -307364853L, -500215265L, 
-568682L, 1849911439L, 145951582L, 1744782850L, 1315339661L, 
-2036624935L, -491786563L, -232321345L, -786732902L, -2001143200L, 
1929287524L, -1442373537L, -163942478L, 231666916L, 1086719642L, 
721829371L, 922991687L, -1381465516L, 134314991L, -173976969L, 
1183978502L, 1118109199L, -417563645L, -489996472L, -150855995L, 
1156567226L, -413248798L, -519386004L, 127918774L, 1817152530L, 
-192503220L, -97885060L, -234174259L, -1748030244L, 151338282L, 
579709701L, 165666768L, -201325313L, 793630390L, -1023348474L, 
1020041425L, 640545083L, -402174588L, 1947273124L, -1283548078L, 
-1573580036L, 12703030L, 1284354445L, -1440477L, 1890979144L, 
1002550663L, -1395910877L, -1755422392L, 1875488923L, -928621610L, 
-1903487875L, -1878595598L, -1894451871L, 4414470L, -1676696699L, 
-1711873645L, 1627509811L, -287301810L, 1644412751L, 484156873L, 
492294269L, 1769237061L, -2002638679L, 738950996L, -529674488L, 
